7.727272727272727071e-02,4.454545454545454780e-02,2.818181818181818288e-02,2.090909090909090842e-02,8.999999999999999667e-02,3.090909090909091037e-02,1.818181818181818094e-02,5.090909090909091078e-02,5.000000000000000278e-02,3.818181818181818482e-02,3.181818181818181490e-02,4.272727272727272485e-02,2.909090909090909088e-02,5.363636363636363480e-02,2.045454545454545581e-01,4.909090909090908783e-02,2.636363636363636340e-02,7.090909090909090773e-02,2.636363636363636340e-02,1.636363636363636492e-02
7.545454545454545470e-02,6.545454545454545969e-02,5.090909090909091078e-02,3.090909090909091037e-02,2.909090909090909088e-02,3.181818181818181490e-02,1.727272727272727293e-02,6.181818181818182073e-02,4.454545454545454780e-02,8.363636363636363369e-02,1.181818181818181795e-01,3.272727272727272985e-02,2.454545454545454392e-02,3.272727272727272985e-02,8.181818181818181768e-02,1.072727272727272696e-01,2.818181818181818288e-02,2.363636363636363591e-02,2.454545454545454392e-02,3.545454545454545386e-02
3.636363636363636187e-02,5.999999999999999778e-02,4.363636363636363980e-02,7.545454545454545470e-02,2.636363636363636340e-02,1.790909090909090784e-01,6.454545454545454475e-02,3.818181818181818482e-02,3.181818181818181490e-02,2.636363636363636340e-02,1.363636363636363570e-02,4.363636363636363980e-02,3.727272727272726988e-02,2.545454545454545539e-02,5.000000000000000278e-02,7.000000000000000666e-02,4.000000000000000083e-02,2.999999999999999889e-02,3.090909090909091037e-02,7.727272727272727071e-02
5.636363636363636576e-02,4.363636363636363980e-02,1.100000000000000006e-01,3.363636363636363785e-02,7.818181818181818565e-02,4.000000000000000083e-02,5.272727272727272679e-02,5.090909090909091078e-02,2.909090909090909088e-02,6.181818181818182073e-02,2.818181818181818288e-02,4.000000000000000083e-02,3.909090909090909283e-02,5.090909090909091078e-02,5.000000000000000278e-02,5.090909090909091078e-02,3.363636363636363785e-02,3.636363636363636187e-02,5.818181818181818177e-02,5.636363636363636576e-02
7.545454545454545470e-02,6.545454545454545969e-02,5.454545454545454281e-02,3.090909090909091037e-02,2.363636363636363591e-02,3.454545454545454586e-02,8.090909090909090273e-02,3.090909090909091037e-02,3.545454545454545386e-02,3.181818181818181490e-02,1.436363636363636453e-01,4.181818181818181684e-02,1.181818181818181795e-02,5.000000000000000278e-02,2.272727272727272790e-02,5.727272727272727376e-02,5.181818181818181879e-02,5.000000000000000278e-02,5.000000000000000278e-02,5.727272727272727376e-02
2.000000000000000042e-02,9.363636363636364257e-02,6.818181818181817677e-02,1.372727272727272685e-01,9.181818181818181268e-02,3.545454545454545386e-02,3.454545454545454586e-02,8.545454545454544970e-02,2.454545454545454392e-02,3.363636363636363785e-02,2.272727272727272790e-02,3.727272727272726988e-02,2.909090909090909088e-02,3.181818181818181490e-02,5.363636363636363480e-02,4.363636363636363980e-02,5.363636363636363480e-02,3.090909090909091037e-02,1.545454545454545518e-02,5.727272727272727376e-02
7.727272727272727071e-02,9.181818181818181268e-02,8.909090909090909560e-02,3.272727272727272985e-02,4.000000000000000083e-02,7.363636363636363869e-02,5.909090909090908977e-02,5.727272727272727376e-02,2.818181818181818288e-02,3.272727272727272985e-02,4.181818181818181684e-02,9.272727272727272763e-02,1.818181818181818094e-02,2.999999999999999889e-02,5.545454545454545775e-02,2.545454545454545539e-02,3.545454545454545386e-02,2.909090909090909088e-02,3.545454545454545386e-02,5.454545454545454281e-02
4.000000000000000083e-02,5.090909090909091078e-02,3.454545454545454586e-02,3.090909090909091037e-02,3.909090909090909283e-02,4.090909090909090884e-02,5.000000000000000278e-02,4.272727272727272485e-02,4.181818181818181684e-02,3.272727272727272985e-02,1.772727272727272763e-01,6.545454545454545969e-02,3.363636363636363785e-02,2.636363636363636340e-02,3.272727272727272985e-02,6.181818181818182073e-02,2.727272727272727140e-02,7.727272727272727071e-02,5.090909090909091078e-02,4.363636363636363980e-02
5.545454545454545775e-02,3.454545454545454586e-02,3.818181818181818482e-02,2.545454545454545539e-02,4.000000000000000083e-02,5.727272727272727376e-02,5.181818181818181879e-02,3.181818181818181490e-02,4.000000000000000083e-02,5.909090909090908977e-02,4.181818181818181684e-02,4.454545454545454780e-02,3.454545454545454586e-02,1.154545454545454486e-01,3.727272727272726988e-02,1.418181818181818155e-01,3.909090909090909283e-02,3.545454545454545386e-02,2.999999999999999889e-02,4.636363636363636381e-02
8.090909090909090273e-02,4.363636363636363980e-02,4.272727272727272485e-02,5.000000000000000278e-02,4.818181818181817982e-02,4.000000000000000083e-02,4.636363636363636381e-02,5.909090909090908977e-02,2.272727272727272790e-02,3.909090909090909283e-02,4.727272727272727182e-02,3.727272727272726988e-02,2.000000000000000042e-02,3.454545454545454586e-02,4.454545454545454780e-02,7.636363636363636964e-02,2.363636363636363591e-02,1.236363636363636415e-01,7.454545454545453975e-02,4.545454545454545581e-02
7.727272727272727071e-02,6.181818181818182073e-02,6.090909090909090579e-02,3.818181818181818482e-02,7.090909090909090773e-02,5.090909090909091078e-02,3.454545454545454586e-02,4.000000000000000083e-02,5.818181818181818177e-02,5.727272727272727376e-02,4.090909090909090884e-02,2.909090909090909088e-02,2.636363636363636340e-02,2.727272727272727140e-02,4.000000000000000083e-02,6.727272727272727570e-02,3.545454545454545386e-02,4.636363636363636381e-02,1.036363636363636376e-01,3.363636363636363785e-02
2.545454545454545539e-02,5.090909090909091078e-02,4.181818181818181684e-02,2.099999999999999922e-01,3.636363636363636187e-02,3.818181818181818482e-02,4.545454545454545581e-02,8.090909090909090273e-02,2.363636363636363591e-02,3.636363636363636187e-02,2.727272727272727140e-02,3.727272727272726988e-02,2.909090909090909088e-02,5.272727272727272679e-02,6.181818181818182073e-02,4.000000000000000083e-02,4.363636363636363980e-02,2.999999999999999889e-02,3.909090909090909283e-02,5.000000000000000278e-02
5.090909090909091078e-02,3.636363636363636187e-02,5.636363636363636576e-02,2.636363636363636340e-02,5.363636363636363480e-02,4.272727272727272485e-02,3.636363636363636187e-02,5.363636363636363480e-02,2.181818181818181990e-02,1.009090909090909066e-01,5.909090909090908977e-02,9.454545454545454364e-02,4.909090909090908783e-02,4.272727272727272485e-02,4.090909090909090884e-02,1.000000000000000056e-01,3.272727272727272985e-02,2.818181818181818288e-02,4.727272727272727182e-02,2.636363636363636340e-02
3.636363636363636187e-02,1.345454545454545514e-01,2.999999999999999889e-02,5.454545454545454281e-02,6.363636363636362980e-02,4.272727272727272485e-02,7.454545454545453975e-02,4.000000000000000083e-02,3.818181818181818482e-02,7.181818181818182267e-02,2.636363636363636340e-02,5.818181818181818177e-02,1.636363636363636492e-02,3.636363636363636187e-02,3.545454545454545386e-02,2.454545454545454392e-02,5.000000000000000278e-02,3.090909090909091037e-02,2.545454545454545539e-02,1.100000000000000006e-01
3.545454545454545386e-02,3.363636363636363785e-02,3.727272727272726988e-02,2.999999999999999889e-02,7.272727272727272721e-03,1.363636363636363570e-02,4.363636363636363980e-02,3.727272727272726988e-02,2.181818181818181990e-02,2.090909090909090842e-02,4.272727272727272485e-02,2.718181818181817921e-01,3.545454545454545386e-02,3.636363636363636187e-02,1.454545454545454544e-02,5.363636363636363480e-02,3.363636363636363785e-02,1.154545454545454486e-01,6.272727272727272874e-02,5.272727272727272679e-02
4.090909090909090884e-02,4.545454545454545581e-02,4.909090909090908783e-02,4.090909090909090884e-02,4.636363636363636381e-02,4.000000000000000083e-02,3.727272727272726988e-02,3.818181818181818482e-02,1.363636363636363570e-02,8.363636363636363369e-02,4.181818181818181684e-02,6.909090909090909172e-02,2.727272727272727140e-02,4.363636363636363980e-02,8.636363636363636465e-02,5.818181818181818177e-02,1.245454545454545425e-01,4.818181818181817982e-02,4.000000000000000083e-02,2.545454545454545539e-02
5.454545454545454281e-02,6.818181818181817677e-02,7.636363636363636964e-02,4.181818181818181684e-02,4.181818181818181684e-02,4.636363636363636381e-02,4.363636363636363980e-02,1.218181818181818116e-01,3.363636363636363785e-02,2.090909090909090842e-02,3.545454545454545386e-02,4.727272727272727182e-02,4.181818181818181684e-02,2.818181818181818288e-02,3.727272727272726988e-02,8.000000000000000167e-02,3.727272727272726988e-02,4.000000000000000083e-02,5.272727272727272679e-02,5.090909090909091078e-02
1.590909090909090884e-01,6.636363636363636076e-02,4.272727272727272485e-02,7.090909090909090773e-02,3.818181818181818482e-02,2.363636363636363591e-02,4.090909090909090884e-02,5.454545454545454281e-02,3.818181818181818482e-02,3.454545454545454586e-02,3.272727272727272985e-02,6.727272727272727570e-02,2.909090909090909088e-02,4.090909090909090884e-02,4.636363636363636381e-02,5.727272727272727376e-02,2.454545454545454392e-02,2.999999999999999889e-02,2.727272727272727140e-02,7.545454545454545470e-02
3.090909090909091037e-02,8.272727272727273262e-02,2.999999999999999889e-02,6.090909090909090579e-02,6.818181818181817677e-02,4.818181818181817982e-02,4.909090909090908783e-02,5.999999999999999778e-02,1.000000000000000021e-02,3.636363636363636187e-02,2.818181818181818288e-02,9.454545454545454364e-02,1.727272727272727293e-02,5.181818181818181879e-02,4.818181818181817982e-02,3.181818181818181490e-02,3.363636363636363785e-02,1.418181818181818155e-01,2.727272727272727140e-02,4.909090909090908783e-02
4.545454545454545581e-02,5.545454545454545775e-02,5.454545454545454281e-02,5.272727272727272679e-02,2.909090909090909088e-02,6.181818181818182073e-02,5.636363636363636576e-02,4.090909090909090884e-02,5.636363636363636576e-02,5.999999999999999778e-02,5.909090909090908977e-02,4.454545454545454780e-02,4.181818181818181684e-02,8.000000000000000167e-02,3.818181818181818482e-02,4.454545454545454780e-02,4.909090909090908783e-02,6.818181818181817677e-02,2.454545454545454392e-02,3.727272727272726988e-02
1.254545454545454575e-01,5.272727272727272679e-02,3.636363636363636187e-02,2.727272727272727140e-02,6.363636363636362980e-02,5.181818181818181879e-02,3.090909090909091037e-02,7.363636363636363869e-02,1.545454545454545518e-02,4.272727272727272485e-02,2.818181818181818288e-02,5.727272727272727376e-02,2.999999999999999889e-02,4.363636363636363980e-02,2.727272727272727140e-02,4.545454545454545581e-02,6.545454545454545969e-02,1.081818181818181845e-01,3.909090909090909283e-02,3.545454545454545386e-02
1.100000000000000006e-01,4.818181818181817982e-02,4.090909090909090884e-02,3.181818181818181490e-02,2.363636363636363591e-02,4.090909090909090884e-02,3.909090909090909283e-02,3.818181818181818482e-02,2.363636363636363591e-02,5.727272727272727376e-02,5.363636363636363480e-02,5.545454545454545775e-02,3.636363636363636187e-02,4.181818181818181684e-02,3.363636363636363785e-02,3.727272727272726988e-02,4.181818181818181684e-02,3.818181818181818482e-02,5.000000000000000278e-02,1.581818181818181734e-01
7.272727272727272374e-02,5.090909090909091078e-02,3.545454545454545386e-02,3.727272727272726988e-02,3.090909090909091037e-02,2.545454545454545539e-02,1.409090909090909005e-01,5.363636363636363480e-02,2.818181818181818288e-02,4.636363636363636381e-02,7.727272727272727071e-02,2.727272727272727140e-02,2.181818181818181990e-02,4.727272727272727182e-02,4.818181818181817982e-02,6.636363636363636076e-02,4.181818181818181684e-02,3.363636363636363785e-02,7.181818181818182267e-02,4.272727272727272485e-02
2.000000000000000042e-02,3.181818181818181490e-02,6.272727272727272874e-02,1.372727272727272685e-01,5.090909090909091078e-02,2.272727272727272790e-02,5.454545454545454281e-02,1.272727272727272770e-02,2.818181818181818288e-02,3.636363636363636187e-02,6.454545454545454475e-02,5.090909090909091078e-02,1.909090909090909241e-02,8.181818181818181768e-02,4.545454545454545581e-02,3.545454545454545386e-02,3.727272727272726988e-02,2.818181818181818288e-02,3.454545454545454586e-02,1.454545454545454475e-01
3.454545454545454586e-02,5.000000000000000278e-02,7.545454545454545470e-02,3.181818181818181490e-02,1.909090909090909241e-02,1.363636363636363535e-01,4.545454545454545581e-02,4.000000000000000083e-02,3.909090909090909283e-02,4.000000000000000083e-02,3.090909090909091037e-02,8.363636363636363369e-02,4.000000000000000083e-02,5.818181818181818177e-02,3.363636363636363785e-02,3.090909090909091037e-02,8.727272727272727959e-02,3.090909090909091037e-02,4.000000000000000083e-02,5.272727272727272679e-02
1.272727272727272770e-02,1.272727272727272770e-02,2.181818181818181990e-02,3.090909090909091037e-02,6.363636363636363848e-03,3.454545454545454586e-02,1.454545454545454544e-02,1.181818181818181795e-02,5.545454545454545775e-02,6.181818181818182073e-02,5.999999999999999778e-02,3.181818181818181490e-02,1.754545454545454464e-01,1.236363636363636415e-01,3.181818181818181490e-02,4.000000000000000083e-02,1.736363636363636442e-01,1.363636363636363570e-02,7.363636363636363869e-02,1.363636363636363570e-02
4.818181818181817982e-02,5.454545454545454281e-02,4.636363636363636381e-02,2.636363636363636340e-02,5.181818181818181879e-02,6.636363636363636076e-02,1.545454545454545414e-01,6.545454545454545969e-02,4.454545454545454780e-02,1.272727272727272770e-02,2.636363636363636340e-02,3.909090909090909283e-02,4.090909090909090884e-02,5.000000000000000278e-02,3.727272727272726988e-02,5.999999999999999778e-02,2.909090909090909088e-02,4.454545454545454780e-02,2.818181818181818288e-02,7.363636363636363869e-02
5.090909090909091078e-02,3.818181818181818482e-02,1.000000000000000056e-01,4.818181818181817982e-02,1.118181818181818166e-01,5.999999999999999778e-02,3.818181818181818482e-02,4.000000000000000083e-02,2.818181818181818288e-02,6.454545454545454475e-02,3.090909090909091037e-02,3.272727272727272985e-02,4.454545454545454780e-02,6.545454545454545969e-02,3.818181818181818482e-02,4.818181818181817982e-02,4.363636363636363980e-02,2.636363636363636340e-02,4.545454545454545581e-02,4.454545454545454780e-02
1.909090909090909241e-02,5.090909090909091078e-02,3.909090909090909283e-02,2.636363636363636340e-02,5.090909090909091078e-02,3.909090909090909283e-02,4.000000000000000083e-02,7.727272727272727071e-02,2.636363636363636340e-02,6.454545454545454475e-02,2.727272727272727140e-02,6.272727272727272874e-02,2.181818181818181990e-02,5.636363636363636576e-02,5.090909090909091078e-02,5.636363636363636576e-02,3.181818181818181490e-02,1.572727272727272863e-01,5.272727272727272679e-02,4.909090909090908783e-02
1.818181818181818094e-02,3.363636363636363785e-02,3.454545454545454586e-02,3.363636363636363785e-02,5.545454545454545775e-02,5.636363636363636576e-02,5.636363636363636576e-02,4.909090909090908783e-02,6.636363636363636076e-02,1.045454545454545386e-01,3.272727272727272985e-02,1.309090909090909194e-01,2.909090909090909088e-02,4.090909090909090884e-02,4.454545454545454780e-02,6.090909090909090579e-02,2.000000000000000042e-02,4.363636363636363980e-02,3.727272727272726988e-02,5.181818181818181879e-02
6.363636363636363848e-03,6.363636363636363848e-03,2.090909090909090842e-02,2.363636363636363591e-02,4.545454545454545234e-03,5.000000000000000278e-02,1.363636363636363570e-02,6.363636363636363848e-03,7.000000000000000666e-02,6.272727272727272874e-02,8.636363636363636465e-02,1.818181818181818094e-02,2.654545454545454430e-01,1.109090909090909155e-01,5.727272727272727376e-02,3.363636363636363785e-02,9.727272727272727459e-02,1.090909090909090995e-02,4.727272727272727182e-02,8.181818181818182462e-03
5.000000000000000278e-02,5.454545454545454281e-02,1.309090909090909194e-01,3.090909090909091037e-02,4.636363636363636381e-02,1.090909090909090856e-01,1.109090909090909155e-01,6.090909090909090579e-02,3.636363636363636187e-02,7.272727272727272374e-02,2.363636363636363591e-02,4.454545454545454780e-02,3.727272727272726988e-02,3.272727272727272985e-02,2.363636363636363591e-02,3.090909090909091037e-02,2.727272727272727140e-02,1.454545454545454544e-02,3.545454545454545386e-02,2.727272727272727140e-02
1.818181818181818094e-02,1.545454545454545518e-02,1.636363636363636492e-02,2.999999999999999889e-02,1.363636363636363570e-02,3.090909090909091037e-02,9.090909090909090468e-03,1.727272727272727293e-02,5.000000000000000278e-02,6.818181818181817677e-02,4.636363636363636381e-02,3.727272727272726988e-02,1.118181818181818166e-01,1.163636363636363635e-01,3.545454545454545386e-02,2.999999999999999889e-02,2.536363636363636598e-01,1.818181818181818094e-02,6.454545454545454475e-02,1.727272727272727293e-02
2.999999999999999889e-02,7.909090909090908672e-02,9.818181818181817566e-02,2.999999999999999889e-02,5.000000000000000278e-02,4.272727272727272485e-02,4.545454545454545581e-02,5.272727272727272679e-02,2.909090909090909088e-02,4.636363636363636381e-02,1.363636363636363570e-02,9.545454545454545858e-02,4.454545454545454780e-02,8.545454545454544970e-02,2.636363636363636340e-02,5.000000000000000278e-02,8.636363636363636465e-02,2.818181818181818288e-02,2.272727272727272790e-02,4.363636363636363980e-02
3.181818181818181490e-02,4.909090909090908783e-02,1.818181818181818094e-02,5.272727272727272679e-02,7.545454545454545470e-02,5.363636363636363480e-02,5.454545454545454281e-02,2.999999999999999889e-02,5.000000000000000278e-02,7.545454545454545470e-02,2.454545454545454392e-02,5.272727272727272679e-02,2.181818181818181990e-02,3.454545454545454586e-02,3.363636363636363785e-02,5.454545454545454281e-02,5.636363636363636576e-02,2.090909090909090842e-02,4.727272727272727182e-02,1.627272727272727204e-01
5.181818181818181879e-02,6.636363636363636076e-02,4.454545454545454780e-02,3.090909090909091037e-02,3.818181818181818482e-02,5.000000000000000278e-02,7.909090909090908672e-02,2.363636363636363591e-02,1.818181818181818094e-02,7.272727272727272374e-02,1.409090909090909005e-01,2.909090909090909088e-02,2.636363636363636340e-02,3.818181818181818482e-02,2.909090909090909088e-02,8.818181818181818066e-02,4.363636363636363980e-02,2.000000000000000042e-02,2.999999999999999889e-02,7.909090909090908672e-02
3.454545454545454586e-02,2.181818181818181990e-02,5.545454545454545775e-02,4.181818181818181684e-02,7.545454545454545470e-02,3.727272727272726988e-02,3.090909090909091037e-02,5.727272727272727376e-02,3.363636363636363785e-02,4.909090909090908783e-02,2.818181818181818288e-02,2.090909090909090842e-02,1.727272727272727293e-02,4.818181818181817982e-02,1.790909090909090784e-01,8.545454545454544970e-02,2.636363636363636340e-02,7.272727272727272374e-02,4.727272727272727182e-02,3.727272727272726988e-02
2.999999999999999889e-02,4.909090909090908783e-02,4.090909090909090884e-02,8.636363636363636465e-02,3.545454545454545386e-02,2.727272727272727140e-02,4.181818181818181684e-02,1.300000000000000044e-01,3.545454545454545386e-02,1.636363636363636492e-02,4.000000000000000083e-02,4.909090909090908783e-02,3.545454545454545386e-02,7.090909090909090773e-02,6.363636363636362980e-02,5.545454545454545775e-02,4.090909090909090884e-02,4.636363636363636381e-02,1.545454545454545518e-02,8.999999999999999667e-02
1.945454545454545492e-01,8.818181818181818066e-02,3.545454545454545386e-02,5.090909090909091078e-02,5.181818181818181879e-02,5.999999999999999778e-02,1.727272727272727293e-02,3.636363636363636187e-02,4.636363636363636381e-02,4.090909090909090884e-02,3.181818181818181490e-02,3.636363636363636187e-02,3.181818181818181490e-02,3.181818181818181490e-02,4.545454545454545581e-02,5.545454545454545775e-02,3.818181818181818482e-02,1.636363636363636492e-02,3.272727272727272985e-02,5.818181818181818177e-02
3.545454545454545386e-02,4.181818181818181684e-02,3.909090909090909283e-02,3.727272727272726988e-02,2.454545454545454392e-02,3.272727272727272985e-02,4.909090909090908783e-02,7.363636363636363869e-02,3.272727272727272985e-02,8.090909090909090273e-02,3.272727272727272985e-02,3.818181818181818482e-02,2.909090909090909088e-02,5.727272727272727376e-02,8.636363636363636465e-02,6.909090909090909172e-02,3.818181818181818482e-02,1.172727272727272785e-01,5.000000000000000278e-02,3.454545454545454586e-02
7.454545454545453975e-02,5.636363636363636576e-02,4.454545454545454780e-02,2.000000000000000042e-02,3.181818181818181490e-02,1.727272727272727293e-02,1.227272727272727265e-01,4.454545454545454780e-02,3.090909090909091037e-02,4.454545454545454780e-02,1.127272727272727315e-01,3.727272727272726988e-02,2.545454545454545539e-02,5.636363636363636576e-02,3.636363636363636187e-02,4.727272727272727182e-02,4.818181818181817982e-02,3.181818181818181490e-02,4.818181818181817982e-02,6.909090909090909172e-02
3.181818181818181490e-02,2.363636363636363591e-02,5.909090909090908977e-02,5.363636363636363480e-02,3.272727272727272985e-02,4.636363636363636381e-02,4.545454545454545581e-02,4.272727272727272485e-02,4.090909090909090884e-02,4.545454545454545581e-02,4.181818181818181684e-02,1.509090909090909094e-01,5.090909090909091078e-02,3.545454545454545386e-02,3.727272727272726988e-02,6.181818181818182073e-02,4.454545454545454780e-02,3.727272727272726988e-02,8.272727272727273262e-02,3.545454545454545386e-02
1.363636363636363570e-02,5.454545454545454974e-03,2.090909090909090842e-02,4.909090909090908783e-02,1.000000000000000021e-02,5.090909090909091078e-02,2.909090909090909088e-02,1.090909090909090995e-02,7.363636363636363869e-02,6.272727272727272874e-02,8.818181818181818066e-02,1.818181818181818094e-02,3.390909090909091095e-01,5.090909090909091078e-02,7.545454545454545470e-02,4.000000000000000083e-02,2.363636363636363591e-02,2.090909090909090842e-02,5.454545454545454974e-03,1.181818181818181795e-02
3.818181818181818482e-02,8.272727272727273262e-02,4.909090909090908783e-02,5.909090909090908977e-02,3.727272727272726988e-02,3.818181818181818482e-02,2.454545454545454392e-02,7.909090909090908672e-02,2.909090909090909088e-02,3.818181818181818482e-02,3.363636363636363785e-02,5.727272727272727376e-02,1.727272727272727293e-02,1.027272727272727226e-01,1.163636363636363635e-01,2.454545454545454392e-02,1.636363636363636492e-02,4.363636363636363980e-02,4.000000000000000083e-02,7.272727272727272374e-02
9.090909090909091161e-02,6.272727272727272874e-02,8.181818181818181768e-02,3.090909090909091037e-02,2.000000000000000042e-02,4.454545454545454780e-02,4.727272727272727182e-02,4.727272727272727182e-02,6.090909090909090579e-02,6.636363636363636076e-02,2.363636363636363591e-02,2.909090909090909088e-02,6.818181818181817677e-02,5.000000000000000278e-02,5.727272727272727376e-02,6.636363636363636076e-02,4.181818181818181684e-02,2.363636363636363591e-02,5.272727272727272679e-02,3.454545454545454586e-02
4.636363636363636381e-02,3.181818181818181490e-02,7.545454545454545470e-02,2.636363636363636340e-02,2.363636363636363591e-02,4.090909090909090884e-02,6.272727272727272874e-02,7.000000000000000666e-02,5.818181818181818177e-02,8.909090909090909560e-02,8.181818181818181768e-02,4.363636363636363980e-02,2.363636363636363591e-02,2.363636363636363591e-02,6.727272727272727570e-02,6.909090909090909172e-02,4.545454545454545581e-02,3.818181818181818482e-02,4.636363636363636381e-02,3.636363636363636187e-02
6.545454545454545969e-02,9.363636363636364257e-02,4.363636363636363980e-02,4.000000000000000083e-02,3.272727272727272985e-02,1.345454545454545514e-01,1.127272727272727315e-01,3.636363636363636187e-02,5.272727272727272679e-02,4.363636363636363980e-02,2.636363636363636340e-02,4.363636363636363980e-02,1.727272727272727293e-02,3.909090909090909283e-02,2.999999999999999889e-02,5.636363636363636576e-02,3.818181818181818482e-02,3.181818181818181490e-02,3.181818181818181490e-02,2.999999999999999889e-02
5.272727272727272679e-02,5.181818181818181879e-02,5.454545454545454281e-02,3.727272727272726988e-02,5.636363636363636576e-02,3.545454545454545386e-02,4.363636363636363980e-02,2.999999999999999889e-02,3.545454545454545386e-02,2.454545454545454392e-02,3.363636363636363785e-02,3.909090909090909283e-02,4.636363636363636381e-02,5.000000000000000278e-02,1.954545454545454641e-01,4.363636363636363980e-02,2.909090909090909088e-02,6.818181818181817677e-02,2.454545454545454392e-02,4.818181818181817982e-02
4.090909090909090884e-02,7.090909090909090773e-02,3.363636363636363785e-02,7.000000000000000666e-02,2.818181818181818288e-02,1.909090909090909241e-02,3.636363636363636187e-02,3.363636363636363785e-02,4.545454545454545581e-02,3.545454545454545386e-02,7.090909090909090773e-02,1.190909090909090945e-01,2.090909090909090842e-02,3.090909090909091037e-02,3.909090909090909283e-02,5.181818181818181879e-02,9.636363636363635965e-02,4.363636363636363980e-02,3.363636363636363785e-02,8.000000000000000167e-02
4.090909090909090884e-02,6.727272727272727570e-02,5.272727272727272679e-02,2.909090909090909088e-02,3.272727272727272985e-02,1.654545454545454652e-01,6.909090909090909172e-02,5.727272727272727376e-02,4.090909090909090884e-02,5.000000000000000278e-02,3.272727272727272985e-02,3.727272727272726988e-02,2.181818181818181990e-02,3.090909090909091037e-02,4.454545454545454780e-02,3.272727272727272985e-02,3.636363636363636187e-02,3.727272727272726988e-02,2.818181818181818288e-02,9.272727272727272763e-02
5.454545454545454281e-02,3.272727272727272985e-02,2.727272727272727140e-02,4.454545454545454780e-02,4.454545454545454780e-02,7.454545454545453975e-02,7.909090909090908672e-02,5.636363636363636576e-02,2.090909090909090842e-02,4.000000000000000083e-02,5.727272727272727376e-02,5.090909090909091078e-02,2.272727272727272790e-02,3.909090909090909283e-02,2.999999999999999889e-02,1.063636363636363685e-01,3.272727272727272985e-02,8.545454545454544970e-02,6.090909090909090579e-02,4.000000000000000083e-02
4.000000000000000083e-02,8.636363636363636465e-02,4.272727272727272485e-02,4.363636363636363980e-02,5.636363636363636576e-02,3.818181818181818482e-02,3.727272727272726988e-02,4.181818181818181684e-02,2.454545454545454392e-02,2.909090909090909088e-02,3.545454545454545386e-02,2.999999999999999889e-02,3.909090909090909283e-02,2.363636363636363591e-02,2.645454545454545281e-01,4.000000000000000083e-02,2.818181818181818288e-02,4.181818181818181684e-02,2.636363636363636340e-02,3.090909090909091037e-02
4.000000000000000083e-02,4.363636363636363980e-02,5.454545454545454281e-02,5.545454545454545775e-02,3.636363636363636187e-02,2.727272727272727140e-02,4.727272727272727182e-02,6.272727272727272874e-02,3.727272727272726988e-02,1.081818181818181845e-01,9.181818181818181268e-02,1.327272727272727215e-01,2.000000000000000042e-02,2.000000000000000042e-02,2.000000000000000042e-02,2.727272727272727140e-02,4.181818181818181684e-02,3.636363636363636187e-02,3.818181818181818482e-02,5.909090909090908977e-02
1.136363636363636326e-01,3.181818181818181490e-02,2.999999999999999889e-02,5.999999999999999778e-02,2.000000000000000042e-02,3.454545454545454586e-02,5.727272727272727376e-02,4.181818181818181684e-02,4.181818181818181684e-02,5.272727272727272679e-02,2.999999999999999889e-02,6.272727272727272874e-02,4.363636363636363980e-02,4.545454545454545581e-02,3.363636363636363785e-02,4.909090909090908783e-02,4.727272727272727182e-02,5.636363636363636576e-02,6.727272727272727570e-02,8.090909090909090273e-02
2.272727272727272790e-02,7.727272727272727071e-02,3.727272727272726988e-02,2.454545454545454392e-02,5.727272727272727376e-02,2.454545454545454392e-02,5.727272727272727376e-02,5.999999999999999778e-02,2.999999999999999889e-02,8.000000000000000167e-02,5.090909090909091078e-02,5.363636363636363480e-02,1.545454545454545518e-02,2.818181818181818288e-02,2.636363636363636340e-02,1.536363636363636265e-01,6.545454545454545969e-02,4.636363636363636381e-02,3.090909090909091037e-02,5.818181818181818177e-02
4.545454545454545581e-02,9.545454545454545858e-02,1.172727272727272785e-01,2.818181818181818288e-02,1.199999999999999956e-01,2.363636363636363591e-02,3.454545454545454586e-02,4.727272727272727182e-02,3.181818181818181490e-02,3.363636363636363785e-02,2.999999999999999889e-02,4.181818181818181684e-02,4.363636363636363980e-02,2.818181818181818288e-02,9.272727272727272763e-02,2.090909090909090842e-02,5.181818181818181879e-02,3.090909090909091037e-02,2.636363636363636340e-02,5.636363636363636576e-02
2.999999999999999889e-02,4.000000000000000083e-02,5.454545454545454281e-02,2.363636363636363591e-02,2.909090909090909088e-02,2.090909090909090842e-02,3.545454545454545386e-02,9.636363636363635965e-02,4.909090909090908783e-02,4.636363636363636381e-02,5.000000000000000278e-02,2.090909090909090842e-02,2.999999999999999889e-02,3.727272727272726988e-02,1.100000000000000006e-01,1.236363636363636415e-01,4.545454545454545581e-02,6.363636363636362980e-02,7.090909090909090773e-02,2.272727272727272790e-02
5.999999999999999778e-02,7.636363636363636964e-02,4.272727272727272485e-02,2.363636363636363591e-02,7.909090909090908672e-02,4.818181818181817982e-02,6.454545454545454475e-02,3.181818181818181490e-02,6.272727272727272874e-02,2.909090909090909088e-02,4.545454545454545581e-02,3.181818181818181490e-02,2.909090909090909088e-02,3.090909090909091037e-02,4.181818181818181684e-02,6.545454545454545969e-02,3.545454545454545386e-02,2.818181818181818288e-02,1.345454545454545514e-01,3.909090909090909283e-02
5.000000000000000278e-02,6.363636363636362980e-02,7.818181818181818565e-02,2.727272727272727140e-02,5.272727272727272679e-02,4.090909090909090884e-02,4.454545454545454780e-02,7.363636363636363869e-02,3.727272727272726988e-02,5.090909090909091078e-02,2.636363636363636340e-02,2.272727272727272790e-02,5.000000000000000278e-02,1.727272727272727293e-02,1.418181818181818155e-01,5.181818181818181879e-02,3.363636363636363785e-02,6.363636363636362980e-02,2.636363636363636340e-02,4.727272727272727182e-02
2.181818181818181990e-02,4.181818181818181684e-02,4.272727272727272485e-02,7.090909090909090773e-02,4.818181818181817982e-02,4.727272727272727182e-02,2.454545454545454392e-02,3.818181818181818482e-02,4.181818181818181684e-02,5.909090909090908977e-02,2.090909090909090842e-02,3.818181818181818482e-02,3.181818181818181490e-02,7.181818181818182267e-02,1.181818181818181795e-01,5.545454545454545775e-02,5.454545454545454281e-02,3.636363636363636187e-02,3.636363636363636187e-02,1.000000000000000056e-01
3.181818181818181490e-02,6.727272727272727570e-02,7.090909090909090773e-02,8.909090909090909560e-02,6.090909090909090579e-02,2.090909090909090842e-02,8.454545454545454863e-02,4.363636363636363980e-02,1.545454545454545518e-02,2.909090909090909088e-02,9.545454545454545858e-02,5.454545454545454281e-02,2.727272727272727140e-02,7.363636363636363869e-02,4.272727272727272485e-02,3.272727272727272985e-02,5.181818181818181879e-02,4.090909090909090884e-02,4.272727272727272485e-02,2.454545454545454392e-02
2.454545454545454392e-02,3.545454545454545386e-02,1.181818181818181795e-02,1.636363636363636492e-02,2.081818181818181901e-01,4.909090909090908783e-02,3.181818181818181490e-02,3.636363636363636187e-02,6.727272727272727570e-02,6.090909090909090579e-02,8.363636363636363369e-02,2.545454545454545539e-02,5.363636363636363480e-02,3.181818181818181490e-02,5.272727272727272679e-02,6.181818181818182073e-02,2.363636363636363591e-02,3.909090909090909283e-02,5.000000000000000278e-02,3.636363636363636187e-02
4.454545454545454780e-02,5.181818181818181879e-02,3.727272727272726988e-02,4.636363636363636381e-02,5.363636363636363480e-02,6.818181818181817677e-02,6.272727272727272874e-02,6.818181818181817677e-02,1.909090909090909241e-02,2.636363636363636340e-02,3.636363636363636187e-02,6.363636363636362980e-02,2.999999999999999889e-02,4.545454545454545581e-02,4.181818181818181684e-02,2.818181818181818288e-02,4.545454545454545581e-02,1.554545454545454564e-01,4.909090909090908783e-02,2.636363636363636340e-02
8.727272727272727959e-02,2.545454545454545539e-02,2.909090909090909088e-02,3.545454545454545386e-02,3.090909090909091037e-02,2.727272727272727140e-02,1.290909090909090895e-01,2.454545454545454392e-02,4.272727272727272485e-02,2.909090909090909088e-02,9.181818181818181268e-02,4.090909090909090884e-02,3.636363636363636187e-02,3.636363636363636187e-02,3.909090909090909283e-02,6.636363636363636076e-02,6.181818181818182073e-02,8.818181818181818066e-02,5.636363636363636576e-02,2.181818181818181990e-02
1.636363636363636492e-02,7.000000000000000666e-02,1.272727272727272770e-02,1.945454545454545492e-01,7.090909090909090773e-02,2.363636363636363591e-02,5.909090909090908977e-02,9.636363636363635965e-02,3.454545454545454586e-02,4.000000000000000083e-02,1.727272727272727293e-02,3.363636363636363785e-02,2.090909090909090842e-02,7.909090909090908672e-02,3.545454545454545386e-02,7.818181818181818565e-02,2.272727272727272790e-02,3.727272727272726988e-02,2.181818181818181990e-02,3.545454545454545386e-02
3.727272727272726988e-02,4.545454545454545581e-02,4.545454545454545581e-02,7.636363636363636964e-02,4.818181818181817982e-02,7.454545454545453975e-02,1.636363636363636492e-02,6.181818181818182073e-02,5.909090909090908977e-02,5.272727272727272679e-02,4.545454545454545581e-02,2.727272727272727140e-02,6.909090909090909172e-02,6.363636363636362980e-02,4.181818181818181684e-02,5.000000000000000278e-02,4.272727272727272485e-02,3.818181818181818482e-02,5.000000000000000278e-02,5.454545454545454281e-02
5.818181818181818177e-02,2.909090909090909088e-02,4.454545454545454780e-02,2.999999999999999889e-02,3.545454545454545386e-02,3.181818181818181490e-02,8.727272727272727959e-02,4.909090909090908783e-02,4.454545454545454780e-02,6.636363636363636076e-02,4.090909090909090884e-02,4.454545454545454780e-02,4.454545454545454780e-02,5.636363636363636576e-02,1.081818181818181845e-01,7.090909090909090773e-02,4.363636363636363980e-02,3.363636363636363785e-02,2.000000000000000042e-02,6.090909090909090579e-02
2.545454545454545539e-02,3.181818181818181490e-02,2.909090909090909088e-02,4.545454545454545581e-02,1.000000000000000021e-02,5.818181818181818177e-02,5.999999999999999778e-02,4.818181818181817982e-02,8.181818181818182462e-03,2.090909090909090842e-02,2.090909090909090842e-02,1.190909090909090945e-01,5.000000000000000278e-02,9.272727272727272763e-02,3.545454545454545386e-02,3.454545454545454586e-02,3.090909090909091037e-02,2.227272727272727182e-01,2.999999999999999889e-02,2.636363636363636340e-02
2.272727272727272790e-02,2.090909090909090842e-02,1.454545454545454544e-02,5.363636363636363480e-02,3.636363636363636187e-02,1.272727272727272770e-02,2.181818181818181990e-02,5.999999999999999778e-02,1.854545454545454553e-01,1.054545454545454536e-01,2.727272727272727140e-02,5.181818181818181879e-02,1.327272727272727215e-01,1.909090909090909241e-02,8.727272727272727959e-02,2.181818181818181990e-02,9.818181818181817566e-02,1.000000000000000021e-02,1.272727272727272770e-02,5.454545454545454974e-03
3.818181818181818482e-02,8.818181818181818066e-02,4.454545454545454780e-02,5.181818181818181879e-02,4.000000000000000083e-02,3.545454545454545386e-02,5.000000000000000278e-02,4.363636363636363980e-02,3.545454545454545386e-02,7.000000000000000666e-02,5.999999999999999778e-02,5.181818181818181879e-02,2.272727272727272790e-02,3.909090909090909283e-02,2.636363636363636340e-02,5.545454545454545775e-02,2.909090909090909088e-02,4.727272727272727182e-02,1.100000000000000006e-01,6.090909090909090579e-02
2.272727272727272790e-02,4.181818181818181684e-02,4.181818181818181684e-02,2.090909090909090842e-02,4.181818181818181684e-02,8.818181818181818066e-02,8.181818181818181768e-02,5.636363636363636576e-02,2.545454545454545539e-02,6.818181818181817677e-02,1.154545454545454486e-01,4.818181818181817982e-02,2.363636363636363591e-02,2.272727272727272790e-02,7.090909090909090773e-02,7.090909090909090773e-02,3.363636363636363785e-02,3.090909090909091037e-02,3.090909090909091037e-02,6.363636363636362980e-02
5.272727272727272679e-02,1.045454545454545386e-01,1.045454545454545386e-01,2.999999999999999889e-02,1.300000000000000044e-01,2.181818181818181990e-02,3.363636363636363785e-02,4.272727272727272485e-02,2.636363636363636340e-02,3.909090909090909283e-02,3.363636363636363785e-02,3.363636363636363785e-02,4.272727272727272485e-02,3.545454545454545386e-02,6.272727272727272874e-02,2.272727272727272790e-02,4.363636363636363980e-02,5.090909090909091078e-02,4.545454545454545581e-02,4.363636363636363980e-02
5.909090909090908977e-02,5.000000000000000278e-02,4.090909090909090884e-02,3.636363636363636187e-02,5.999999999999999778e-02,1.300000000000000044e-01,5.909090909090908977e-02,4.909090909090908783e-02,3.181818181818181490e-02,2.636363636363636340e-02,5.363636363636363480e-02,3.181818181818181490e-02,4.090909090909090884e-02,3.272727272727272985e-02,6.090909090909090579e-02,5.090909090909091078e-02,2.727272727272727140e-02,3.636363636363636187e-02,7.727272727272727071e-02,4.545454545454545581e-02
1.363636363636363570e-02,4.727272727272727182e-02,8.545454545454544970e-02,2.427272727272727360e-01,4.272727272727272485e-02,3.545454545454545386e-02,4.181818181818181684e-02,6.090909090909090579e-02,4.545454545454545581e-02,2.909090909090909088e-02,1.818181818181818094e-02,1.272727272727272770e-02,1.727272727272727293e-02,6.363636363636362980e-02,2.727272727272727140e-02,5.363636363636363480e-02,3.454545454545454586e-02,3.909090909090909283e-02,3.454545454545454586e-02,5.454545454545454281e-02
1.409090909090909005e-01,8.272727272727273262e-02,6.363636363636362980e-02,4.727272727272727182e-02,3.090909090909091037e-02,3.545454545454545386e-02,3.727272727272726988e-02,6.818181818181817677e-02,1.909090909090909241e-02,4.636363636363636381e-02,3.636363636363636187e-02,5.090909090909091078e-02,2.909090909090909088e-02,4.727272727272727182e-02,4.818181818181817982e-02,3.181818181818181490e-02,4.727272727272727182e-02,3.818181818181818482e-02,3.090909090909091037e-02,6.818181818181817677e-02
2.454545454545454392e-02,5.909090909090908977e-02,7.000000000000000666e-02,1.054545454545454536e-01,5.272727272727272679e-02,2.272727272727272790e-02,5.909090909090908977e-02,9.727272727272727459e-02,2.090909090909090842e-02,3.636363636363636187e-02,3.363636363636363785e-02,2.727272727272727140e-02,6.727272727272727570e-02,4.363636363636363980e-02,5.363636363636363480e-02,5.727272727272727376e-02,5.454545454545454281e-02,5.000000000000000278e-02,1.545454545454545518e-02,4.909090909090908783e-02
1.363636363636363570e-02,7.818181818181818565e-02,4.545454545454545234e-03,2.427272727272727360e-01,7.181818181818182267e-02,1.454545454545454544e-02,5.636363636363636576e-02,1.136363636363636326e-01,3.090909090909091037e-02,4.545454545454545581e-02,1.363636363636363570e-02,3.545454545454545386e-02,2.181818181818181990e-02,7.454545454545453975e-02,3.545454545454545386e-02,5.272727272727272679e-02,2.545454545454545539e-02,2.454545454545454392e-02,1.727272727272727293e-02,2.727272727272727140e-02
4.818181818181817982e-02,2.999999999999999889e-02,2.999999999999999889e-02,5.636363636363636576e-02,4.272727272727272485e-02,3.727272727272726988e-02,8.454545454545454863e-02,5.636363636363636576e-02,3.454545454545454586e-02,6.454545454545454475e-02,7.909090909090908672e-02,2.363636363636363591e-02,2.545454545454545539e-02,3.909090909090909283e-02,1.009090909090909066e-01,5.090909090909091078e-02,4.272727272727272485e-02,3.727272727272726988e-02,7.272727272727272374e-02,4.363636363636363980e-02
4.090909090909090884e-02,1.909090909090909241e-02,2.181818181818181990e-02,5.000000000000000278e-02,4.454545454545454780e-02,2.454545454545454392e-02,2.181818181818181990e-02,1.063636363636363685e-01,1.645454545454545503e-01,9.818181818181817566e-02,3.454545454545454586e-02,2.636363636363636340e-02,3.545454545454545386e-02,4.727272727272727182e-02,9.272727272727272763e-02,4.636363636363636381e-02,5.090909090909091078e-02,2.000000000000000042e-02,2.000000000000000042e-02,3.454545454545454586e-02
2.909090909090909088e-02,1.363636363636363535e-01,6.181818181818182073e-02,5.545454545454545775e-02,4.090909090909090884e-02,2.636363636363636340e-02,5.454545454545454281e-02,3.545454545454545386e-02,5.000000000000000278e-02,5.000000000000000278e-02,2.181818181818181990e-02,5.363636363636363480e-02,5.909090909090908977e-02,4.909090909090908783e-02,6.636363636363636076e-02,3.090909090909091037e-02,4.727272727272727182e-02,2.272727272727272790e-02,6.727272727272727570e-02,4.181818181818181684e-02
